-74.9269081361
-170.677367057
-102.426729834
-158.603912552
-74.4023635968
-80.0319627464
-145.490762227
-103.600403645
-85.8426188765
-50.7742599409
-56.4157183715
-104.971905521
-77.1597825488
-240.864706485
-79.9939531137
-106.555455496
-63.8439790654
-118.451385923
-121.333075996
-103.17762983
-114.660138714
-137.847816996
-153.684144516
-102.404306651
-121.275651664
-70.5540990953
-22.4937068765
-36.166510213
-81.103386617
-65.3428446125
-60.6926257178
-48.7945394217
-81.1503866337
-31.6910762701
-53.2787973297
-72.1438849475
-50.4363142763
-30.1619655003
-110.37798295
-81.6562520069
-82.8109931204
-115.82314593
-116.372636677
-72.6740119632
-116.032140411
-326.439512999
-61.13954262
-40.9352795116
-70.7504195322
-52.634465807
-82.4239326257
-115.682083279
-69.2463361578
-72.5846276632
-99.1110811672
-158.10160147
-88.1540628329
-118.911984031
-115.905326599
-94.7228273291
-98.3079562245
-164.127963706
-105.34739175
-57.9848525126
-76.6251562676
-73.3201656627
-91.3695764224
-121.338636938
-150.614242035
-63.0065229525
-73.4761821129
-138.094679514
-147.943666634
-110.985757934
-44.8937850354
-68.6433364832
-61.5217509105
-53.4181703759
-74.3409517217
-63.1085777614
-43.6963350288
-120.062839738
-56.8058245255
-72.4055574429
-107.255599787
-43.0338377379
-46.9648705852
-36.335716842
-64.0006212129
-134.343400196
-59.9663506334
-70.4922226395
-120.015157222
-103.520778321
-86.2332752443
-116.302983934
-74.2800705819
-113.870942913
-79.2765059925
-44.4653522918
-137.740684248
-80.8499531914
-82.9684481492
-87.0132540574
-107.063775524
-94.6934157068
-70.1435227365
-162.172245546
-166.545319382
-106.07083763
-65.3320843037
-110.576505113
-56.9160109013
-82.4147557535
-39.7529675977
-73.6836709089
-82.5307423875
-109.629586894
-71.7036695424
-27.5633218486
-38.0684421159
-89.9350234664
-114.040750819
-100.425013087
-26.837896177
-100.719557616
-98.9691609223
-61.0776952491
-135.493315676
-123.814604101
-117.762255567
-148.288404737
-72.5178444886
-119.619060248
-91.9800250984
-95.1039001674
-109.013864122
-82.8902643673
-55.2938380723
-58.6712872402
-133.960099819
-129.05863346
-53.5843898046
-74.5693602611
-94.7627806207
-119.229221021
-72.0483915715
-51.2534955213
-29.4138656938
-36.6340206663
-93.0607418754
-133.162250313
-39.6081688711
-83.4157096261
-58.1524432931
-143.332196342
-56.3541167767
-57.3030182313
-87.237203492
-77.6598497227
-51.2489530321
-81.8104604088
-56.9696631186
-70.0573766198
-167.976937279
-79.6810811872
-119.306114039
-119.184747876
-122.268644954
-84.3546343803
-123.547556901
-78.5070910951
-112.66906258
-79.2523713165
-139.982966291
-55.5423151014
-102.262627963
-111.278232639
-80.6438513781
-61.1765692256
-80.4174943696
-60.9936072315
-78.7119396268
-83.4299507068
-43.565413683
-88.9916558287
-39.064243256
-149.326416909
-146.011608816
-132.940161694
-99.0685514055
-180.624708275
-119.817198128
-100.35622033
-59.4232462778
-42.8574672625
-89.8343931815
-57.489097003
-156.491960173
-76.3203652129
-38.6096009234
-94.8860974613
-59.1104588305
-229.38991586
-63.1078141964
-124.84740018
-185.124145509
-91.3873028968
-32.2319831647
-114.756440697
-151.875761428
-163.07404197
-94.3613399956
-30.8330699597
-127.473682999
-98.8064763514
-84.9422241409
-60.0123505747
-167.136451208
-135.262476098
-34.0823961506
-87.9274298905
-66.5401968561
-198.795152234
-63.0233958749
-124.622193886
-51.7678643059
-51.6488940811
-87.7926338802
-219.731033191
-113.145732309
-40.5997885464
-52.2260057951
-41.870133712
-38.604159805
-45.26293344
-95.3580889542
-91.8518424141
-89.1635266407
-100.659152358
-93.907736619
-97.1038342908
-83.1037359644
-80.2624780723
-119.789878087
-69.2526044079
-40.01161909
-97.3560228806
-51.7321214644
-68.8634008991
-33.1125818207
-94.2354359282
-111.603352784
-127.548298365
-47.9954456947
-59.0828529802
-42.3822585557
-98.8100513156
-69.2249672047
-113.613159207
-86.9422298873
-56.1690682173
-50.0288275856
-87.4563200999
-155.683230358
-86.2902102531
-125.5006181
-113.92431968
-111.717925281
-142.702447544
-190.599364546
-149.301840934
-87.9642878405
-164.928759563
-115.858044298
-116.639851565
-113.504211749
-50.8143345762
-176.413345365
-119.947378094
-187.234289304
-148.580361467
-188.066330993
-149.883500901
-171.702220014
-243.216137288
-135.993485411
-67.9225708221
-86.0421338657
-121.208387924
-135.85605641
-71.0910415043
-54.649066172
-74.1338985052
-145.266959587
-85.2856117468
-67.226106551
-94.2817358078
-157.633049898
-64.4270080737
-63.0789120488
-91.1599800849
-113.327469594
-84.311115572
-98.0102288524
-74.5346390834
-162.934872555
-89.4492592065
-83.9558092992
-172.747080626
-65.8472594679
-88.4781612196
-155.355815728
-153.811040409
-42.540665988
-34.634610993
-43.744302214
-66.9620588929
-103.220129608
-64.2942322639
-45.4018747967
-116.795611298
-67.3238161841
-95.9926138069
-28.8989545182
-116.544704719
-44.3034030967
-132.888174792
-106.398037973
-121.443395787
-86.8201048006
-99.0778586938
-74.286562832
-83.946968311
-143.448434534
-106.677118954
-206.416291337
-123.438559014
-113.212050441
-83.1584464822
-85.5692970428
-111.926724441
-37.6822646062
-99.3602004568
-44.5261278924
-136.845591071
-124.453935115
-87.9368612492
-51.0011503482
-108.855319622
-18.288451113
-171.73667315
-70.5106906889
-108.251115227
-106.472826669
-203.4389102
-83.2677031953
-42.627857503
-98.3758142156
-101.154648849
-164.460555958
-92.1984709951
-79.0747249042
-57.1811643704
-142.280136594
-106.909275989
-39.0733255992
-102.904469613
-132.979169022
-152.852113388
-61.2928107834
-140.052515231
-134.869300621
-64.7598074548
-92.9147373681
-105.176400547
-129.157313311
-104.167613461
-87.3461351155
-173.307542987
-56.9199717242
-87.8757705551
-131.772681137
-92.23246935
-168.196759237
-92.3172239363
-74.9195079285
-100.522807751
-35.0686642
-67.598203234
-50.3751760067
-62.8510542773
-117.293329914
-96.7839540567
-187.987486127
-135.157648081
-143.581403309
-59.3695624784
-138.287491546
-139.653531026
-144.871335321
-133.431999113
-104.228405791
-86.7977819366
-169.897573321
-76.1758993436
-100.040878518
-80.9824127628
-125.339246455
-76.3962162927
-68.9332229163
-136.792252117
-139.672945418
-91.0052393127
-145.535822052
-58.8497467157
-121.79473981
-193.420029403
-110.553870461
-59.4061779389
-117.113305269
-62.3468355614
-47.2186381341
-72.1800005589
-152.927321342
-132.26850516
-76.8048389429
-84.83456052
-154.602864599
-114.54718737
-138.647782256
-86.8668648668
-55.8744427833
-13.4078659675
-116.477373099
-87.6522403418
-69.317195342
-137.472038163
-58.449530523
-50.3413885825
-57.4625250347
-141.159134834
-114.060027598
-101.058940308
-96.5582526983
-90.114505612
-102.414041864
-93.3318314767
-162.927568179
-98.738885006
-289.823929752
-75.6951728292
-128.121248721
-33.914369347
-89.7780802575
-105.11597018
-141.360870425
-101.248595057
-71.6899146078
-91.2169481471
-18.2502105736
-85.964999279
-36.7911461549
-85.0273348924
-63.9309273627
-126.426163006
-118.065916906
-104.993943724
-83.9070811391
-92.5496262635
-101.278334225
-147.365039903
-165.638677187
-23.9359895165
-82.8960089105
-84.1620590276
-101.186730251
-66.5744506692
-82.9640451452
-53.0141489369
-43.3006204987
-85.2261332678
-137.024378085
-158.820861271
-122.013746461
-118.998065492
-54.785252914
-92.7247451125
-107.187781285
-73.2117490161
-74.4123435643
-74.3745627166
-124.63910844
-71.5334190909
-85.3274369103
-157.582954079
-64.7694010701
-74.0178630031
-61.8872963504
-56.4271566471
-128.415696349
-105.363296952
-72.3496783069
-107.268173052
-107.856286688
-47.2831104183
-84.4572277526
-114.184022187
-89.8019441323
-87.040925861
-89.7916146207
-40.2932222033
-97.6377642908
-80.1736518168
-121.629477255
-102.42170468
-62.3499742943
-101.359998123
-102.939535674
-99.1400023285
-138.685805023
-89.4239377395
-75.2932513586
-80.8422133312
-84.1271623745
-129.931654124
-78.2858189761
-249.260983374
-76.6406963765
-80.9115858782
-51.0933700424
-104.335342494
-65.1058109775
-51.8152247025
-88.3752107968
-51.0093585289
-27.9484221264
-117.010506518
-86.7755238979
-109.082225387
-57.3974084878
-54.2250458078
-74.1677654437
-74.7432302538
-96.9982284216
-31.1989538087
-87.916649777
-34.1172511993
-60.9001233081
-59.6044295301
-133.613273322
-49.6448420321
-71.6127321363
-117.886186282
-58.4039655403
-70.2200615925
-52.4588422393
-79.1095985953
-44.9916505754
-121.246776361
-42.8014723395
-94.6525069407
-73.1021671606
-95.0547817823
-116.826412822
-70.6102840163
-110.88237344
-38.3752242166
-80.9644139569
-124.401560086
-176.334298089
-67.5436928715
-33.1843350364
-42.4073428141
-74.2252911325
-23.3541009234
-21.5530804944
-31.1605008584
-133.236658341
-73.1470957756
-100.128539888
-144.451306469
-59.3251112834
-73.1992003034
-95.2910448373
-66.0298036045
-76.1982044242
-48.9837923044
-118.05885548
-113.966187818
-156.467478324
-59.4638700609
-120.414812191
-86.6378082905
-71.7988127702
-137.842748434
-87.8003399468
-81.9792366349
-87.3377569677
-168.041767441
-24.2147216038
-99.3342699099
-56.6086350219
-30.7159192572
-151.049526409
-48.8457064459
-41.9979541146
-70.206768985
-69.9880203104
-86.2843885765
-129.387704266
-101.629945679
-35.2071227842
-101.808762928
-62.730639349
-69.5442498401
-53.9312000258
-80.1164646247
-65.2973729768
-22.1495397565
-98.6167536089
-110.842371186
-122.221529922
-34.8675657416
-78.0052130247
-88.3788534613
-111.767488916
-62.2801138937
-69.0705723051
-45.0241230076
-80.0973944365
-117.589629259
-61.5078997932
-60.0048831491
-54.119353302
-124.122506272
-59.0511676082
-83.8537777786
-56.5500905163
-92.378202462
-76.4732834357
-163.644558645
-161.107593593
-55.3117503628
-129.569606906
-133.296998772
-116.326387095
-88.4352213772
-86.9065518671
-137.740667497
-96.5231557294
-144.233848131
-132.065119724
-62.8131036887
-109.658597396
-52.7056297361
-118.16879207
-200.741984056
-120.932543925
-88.130796968
-65.9374033968
-165.868402718
-84.3383859438
-119.67451394
-133.640249239
-110.737705503
-55.3425966702
-65.5963641543
-117.350164706
-133.965879744
-114.207306088
-92.6428072581
-57.984541417
-127.189149674
-78.2883269926
-84.9082792478
-118.707882032
-37.4767769131
-56.527545983
-51.1001539059
-48.6985826201
-96.7263168934
-68.6471017209
-72.7758475099
-139.760540123
-130.557718757
-157.278081447
-82.3238002565
-47.0201531952
-165.288152269
-115.158974086
-119.033466438
-53.9977761704
-99.1099755094
-129.190142215
-153.208651574
-98.6255715575
-75.9484430729
-94.3000723805
-133.827296805
-63.4490862906
-132.876294729
-63.939910793
-129.518821096
-47.5910739947
-88.9615406887
-54.4912285046
-72.9456084856
-234.399542229
-92.4991317584
-91.2955850396
-76.1023175272
-89.870626361
-36.2530372373
-106.708893124
-68.8386427092
-56.6530380586
-29.3576399417
-77.1444313591
-86.5820119526
-84.6174796778
-47.252534278
-88.5729687637
-56.8473241802
-72.2498237734
-70.9971393941
-65.6102834255
-84.5293697715
-110.814538455
-64.0542652322
-40.5291776323
-50.6867386919
-122.761660093
-28.2253191914
-74.1771300987
-85.9534756987
-88.0470564139
-52.87655966
-68.3686054118
-65.2165555198
-84.7402136079
-88.8809228096
-56.2232756095
-61.9503310263
-79.4461109789
-78.4293140937
-105.318694487
-101.939559676
-75.7301547614
-51.1775133642
-151.107751645
-56.4779243254
-113.962970288
-62.0143636353
-41.6521174615
-41.3393509319
-96.189763218
-59.2479709572
-63.1251944369
-57.8655083344
-137.435086516
-113.724955545
-132.014788998
-97.8680092916
-57.1270750643
-115.291827428
-66.7422152725
-40.8137634216
-150.335120514
-112.947023401
-26.7948902455
-142.199491754
-106.244426507
-99.0910561293
-61.294815583
-79.0968466788
-28.4210895115
-77.6109214727
-47.8396522111
-63.1141702582
-99.0214804283
-105.932370937
-91.7886650073
-51.6981864696
-77.331683057
-67.3355721361
-45.1630894403
-90.5235318191
-104.212443876
-158.925163479
-83.7366499234
-44.5506446017
-131.570507341
-163.716253416
-77.1858973288
-85.939076648
-52.0639765245
-52.6180556353
-47.8605294562
-122.405499853
-111.297011778
-102.149479998
-170.236204292
-101.222857477
-168.056786926
-48.6882150977
-98.860708483
-85.6090554594
-100.375785247
-67.286585503
-102.840951161
-92.8148600975
-97.4020372094
-100.599758696
-99.2555218924
-94.5846381144
-187.932582238
-252.571038304
-90.8379807614
-24.9145635844
-135.955091669
-200.529689811
-147.675702209
-69.4316678494
-122.570270055
-154.482877289
-65.4561625925
-74.9916624062
-59.2842146389
-41.7304180718
-68.4692903117
-71.4985512632
-71.5880856338
-87.4125999035
-113.326920227
-149.31827418
-74.7937054932
-49.6750192741
-111.331753887
-64.8923330645
-68.193250379
-45.0617316223
-44.3510418222
-54.7498044274
-51.8894091308
-37.5264747745
-48.6872354645
-141.357867024
-69.6769118692
-80.9595546114
-61.1031962319
-229.00594108
-111.709004184
-166.453170081
-208.821778827
-68.7241530726
-30.6853863251
-34.2283504961
-106.382410443
-107.83519458
-86.1964010702
-67.0465512102
-96.4130810794
-134.668929896
-128.764335686
-160.740088469
-97.2792248742
-48.8236326447
-101.040197554
-77.3744128733
-45.2308896751
-129.785049373
-39.4126526233
-51.2657076346
-61.6049147503
-132.36837184
-140.265130652
-246.728965679
-123.635103449
-160.807703085
-114.308391887
-162.276270144
-69.9364980231
-110.64875832
-67.1840520086
-64.8096177224
-83.1734168857
-146.440337717
-81.6244341971
-40.2640949285
-101.381194902
-93.4603075741
-101.448252897
-132.325823704
-116.266453381
-91.7104055303
-32.0017146734
-101.68429987
-94.3494890746
-188.880575226
-70.9469096149
-50.588430436
-138.790579925
-46.2473788082
-102.302287663
-137.812483652
-67.1086136277
-40.6936666091
-35.6865293847
-55.9313326928
-199.174248259
-119.831916705
-85.3656747232
-161.592660879
-65.6365741213
-56.3463702942
-117.224636617
-96.5388224087
-125.841207172
-122.475411591
-110.620720193
-74.9009670961
-124.52204268
-79.341964198
-118.492601779
-61.3096857561
-85.9721526166
-32.9755688347
-93.9636801146
-122.637161117
-72.8634400984
-96.0520027475
-85.4349541731
-131.293134064
-85.9001328559
-91.4004231217
-57.5736155224
-33.7119238447
-125.165996659
-145.634795996
-154.190494733
-110.175002837
-110.503517551
-122.990620677
-50.6784429476
-138.043816534
-116.145967437
-46.6702216177
-70.9315987009
-97.7921587439
-23.2466083722
-134.985889125
-72.8653814237
-102.145409043
-118.560847479
-65.631377547
-87.4168181926
-117.464834536
-73.7968446348
-64.6224470039
-118.219647347
-124.703377521
-46.1989988428
-82.4943624272
-103.643534443
-64.442179446
-40.4167945283
-90.0093336455
-102.452111735
-46.7105093831
-159.814996685
-83.9051041597
-73.1670221694
-112.004534962
-92.8966920317
-65.1086933474
-83.0644006687
-166.356228916
-71.4227962755
-43.3143393641
-39.4223911148
-64.3216071463
-95.4215852291
-40.4175603253
-75.9563218874
-54.5953714375
-65.1486183979
-227.794905537
-104.748112017
-175.177432115
-62.8957817191
-97.6142561673
-73.4767175385
-83.0411820558
-23.947179573
-94.2402723057
-114.013435153
-75.5772567975
-108.498158992
-44.369406556
-48.7932687475
-46.3759730745
-38.848272611
-54.3871023819
-37.948205732
-75.6627529015
-55.5607541973
-64.0614102311
-69.9014091882
-85.6864581923
-46.3141761471
-105.029245914
-63.7295427539
-46.6178613051
-59.8196687166
-57.4991462135
-45.1968761405
-95.1079838484
-41.4788122132
-52.2336938482
-76.7645615421
-95.3444545271
-96.0085207277
-91.8346523777
-93.1004277273
-66.2756904423
-184.172900861
-158.572569089
-149.645327361
-61.0753099507
-120.671819188
-198.249621663
-113.958493238
-145.485829277
-25.4759534197
-17.6349282559
-49.3283345072
-198.264923762
-94.9073762087
-48.8407388751
-57.1634475651
-114.420320385
-124.358704975
-108.122085728
-63.2644058057
-81.3285988591
-123.399685989
-21.1107690896
-112.76761682
-82.0765780931
-68.9689998197
-129.653102592
-68.0070849377
-104.18727927
-46.7547946799
-118.888766495
-62.1553887936
-99.847246826
-66.6808154865
-61.7383240562
-51.5377929194
-82.5765334622
-89.2373407789
-64.9330978701
-43.4268492351
-50.155141399
-72.5548124499
-100.488486078
-93.795302693
-73.0923904391
-57.7288550406
-78.0087174271
-74.5480156245
-119.510962969
-51.4276824524
-74.189961603
-50.9060526396
-40.0748040237
-69.8650968801
-73.5528161011
-60.3619631928
-110.963414307
-182.306650636
-77.7050073852
-45.7782628752
-75.0339121866
-94.2819020438
-85.0642113683
-138.628293632
-160.332418064
-130.769959232
-109.379352631
-76.716094761
-48.5244094529
-84.9764890697
-48.7335300567
-67.533150801
-159.912710408
-98.4990240445
-67.2675872331
-67.3821751809
-66.7555335187
-46.0134833779
-36.1709170693
-39.3950944086
-49.904027943
-59.6004771838
-34.3317498832
-102.476434988
-41.0817049555
-82.5642309773
-21.8463787677
-21.303958487
-23.86768293
-83.597393287
-107.949871387
-74.2302527448
-53.6447515652
-79.6349407066
-88.9637515305
-57.8430171847
-87.4189955945
-53.6620123974
-111.197482555
-102.405108355
-115.75401901
-107.999586551
-51.9482753338
-71.7970473566
-144.399897427
-56.5462289101
-87.0745071276
-45.4413822764
-74.3901928121
-26.1490027548
-35.5324864372
-78.0922622589
-58.950671147
-140.768919098
-114.154726746
-89.593962288
-54.4454053981
-103.770347525
-47.9238345091
-71.4425774713
-85.186969787
-74.763149998
-118.396018371
-150.127096238
-69.9751966561
-56.7687966381
-35.8746110407
-39.0768752153
-124.138132714
-114.133008545
-91.7296290549
-118.929550827
-104.770278672
-92.8395324244
-64.8694028566
-56.3276412908
-93.882446906
-33.3060635478
-33.2093564237
-40.2784931735
-110.792519817
-90.799074467
-98.2868031947
-88.3250884006
-38.4613696593
-73.2436418484
-116.448747382
-38.1391567927
-40.3161395533
-51.3159979504
-45.7789113455
-66.9287045813
-34.8789501434
-31.840987632
-77.36686597
-105.983793573
-165.15866942
-259.802778932
-31.2078254753
-115.405372523
-76.0617078314
-59.2755629602
-117.116768036
-138.999621502
-68.6790198175
-53.0350099501
-79.5241160158
-31.5908495596
-78.3811272389
-129.061973091
-78.5195639782
-49.3203077344
-105.661656009
-40.1041441991
-59.2479257319
-79.7276444096
-27.5326029191
-41.7904894154
-37.2258563797
-58.7687921572
-54.2787535287
-75.0456854136
-106.672234206
-50.3661167236
-87.1207929595
-47.6071433457
-96.2797515356
-110.94891196
-92.1422421975
-100.228043884
-41.9107733064
-70.0016459208
-65.8535377694
-156.155309961
-53.2245967147
-61.4926716964
-24.411042956
-84.5764320056
-72.8920817837
-52.2269060949
-59.0144262514
-118.115905569
-20.8369135269
-63.6006527919
-74.9927088302
-54.4904844925
-47.1012299557
-58.5592751112
-55.5388900552
-42.1850157351
-37.9233789316
-114.768674953
-139.159419373
-91.365115079
-93.3433297033
-51.9852003597
-51.2595674075
-45.0990159424
-36.7919144794
-68.9900869987
-24.0936426966
-22.9653413081
-36.6276023716
-119.900030782
-35.2341572213
-96.2027087422
-20.0982559246
-105.290747363
-61.134308332
-78.9728689652
-147.839964104
-118.755835338
-26.7299333257
-55.9544213017
-40.2594745659
-47.5025530943
-116.363018054
-62.2194013743
-31.0058419374
-34.2423016593
-35.8348581698
-63.8307625099
-79.5631040252
-71.3770993206
-32.729375044
-88.6351953698
-95.6556806876
-100.043073265
-143.204736545
-110.907548404
-110.610314529
-63.1913519919
-115.96339966
-60.8306119373
-80.6120734699
-73.9845775225
-44.3486267798
-119.969471712
-129.600266636
-56.9526158398
-18.9920178657
-186.605319601
-119.78777525
-60.9522014186
-109.363424511
-34.6676296396
-62.8280522949
-46.8807923634
-38.0517118308
-24.4853422523
-80.9051001779
-84.6695988409
-62.8520531171
-40.3927168067
-52.2440517301
-69.943972019
-54.815749876
-49.2813457172
-79.4041323187
-19.2996609818
-74.1861891953
-99.5741505615
-50.3219634613
-126.707848345
-82.5214348914
-86.3983674758
-34.8073562547
-26.7120867929
-18.8849007783
-109.624912514
-65.8162711988
-46.0321898149
-32.2397263133
-67.4314198546
-81.857911579
-60.0333431893
-82.6653856516
-114.151494121
-60.4694413226
-96.0568514852
-26.9878230003
-136.59431033
-56.2983042303
-114.364046741
-145.919755255
-50.1381557678
-96.3305540859
-105.24513125
-92.5334896449
-55.5690797211
-126.676607158
-80.9142331056
-82.8721581473
-128.737530466
-96.9697342338
-86.7135025295
-81.3510869499
-56.9779092303
-90.4089005457
-140.977957557
-66.5763120168
-109.119006251
-78.5977141418
-141.509826789
-50.8007430785
-125.492742691
-81.2624214322
-29.6352872586
-129.073357894
-77.5595549625
-30.8642515416
-67.5050479453
-59.2205591536
-175.847688166
-49.9905269364
-98.5911456813
-31.6645723339
-128.043587601
-140.180706314
-79.1009655592
-100.890056364
-156.948580426
-59.6696062701
-107.117250405
-83.3025617167
-36.5174971849
-81.1522542605
-137.762184129
-83.8678284451
-113.981510784
-63.6762072736
-40.7195447761
-147.300896741
-66.5412376059
-77.2857669403
-127.23127948
-138.789556049
-55.3843138203
-61.5222228997
-215.949659466
-36.3846582583
-69.4785950331
-24.8570289927
-48.7126225676
-160.620180154
-26.900152746
-55.3307709377
-34.4732297476
-176.491774517
-131.984500818
-29.0171310855
-92.1499184054
-103.806346701
-82.9995868479
-73.6031364341
-152.722695628
-46.7697579256
-61.3245212025
-111.230766641
-30.0114640536
-37.4122847385
-135.721988371
-100.334127778
-81.0655012299
-172.567160491
-93.3236071388
-171.851855528
-62.5773317786
-52.5217005738
-189.719241767
-39.2615694636
-104.25097652
-94.597818277
-55.1543103753
-68.5097221413
-126.85426967
-106.92692824
-54.8400505464
-141.500449759
-65.0229141235
-70.7003439608
-76.0712864812
-62.4578970631
-89.6173570336
-30.5700573484
-102.912073298
-133.130204747
-94.9372152842
-83.5897187679
-57.631277073
-79.5076665012
-19.5125030361
-83.3469569898
-75.1797118602
-95.0553316578
-49.6829275417
-78.2882417029
-77.0703595156
-64.3958033944
-64.5215561806
-58.3489781629
-81.9307051388
-59.0801433491
-112.479440679
-51.557036051
-89.3889363467
-41.5332717362
-72.1143520912
-73.0656522748
-36.4218642367
-63.3696666399
-58.4150764509
-88.653898042
-70.1770406926
-59.7346665477
-37.1461088757
-20.3666938456
-61.9535643826
-48.1559103983
-37.0502098037
-52.1615544477
-134.056096238
-59.3441176459
-176.347650752
-63.8645610013
-54.5057938795
-72.1764424587
-35.9035264305
-81.3287289363
-147.314778594
-37.4734410928
-63.7632563981
-84.2804205652
-34.0712806424
-68.2046419168
-27.7642293929
-98.537195663
-84.7158651885
-21.7049721778
-72.2690165257
-32.7338298596
-141.057902634
-91.5154707316
-77.1983680394
-103.477556513
-109.244169591
-78.1035656351
-88.8404533453
-66.9063011546
-52.4342475342
-39.9840118234
-99.4144088101
-55.6844069779
-85.7895418508
-110.180731661
-112.682696196
-37.3901783553
-91.0071010893
-94.3448218591
-108.992301021
-41.3482919408
-78.8916808349
-69.1116664716
-45.6412239853
-43.4607772061
-53.6134399164
-267.969086769
-45.6444788004
-91.2669575325
-52.5354515845
-38.6893995571
-64.7183205838
-51.0073413517
-96.2949246927
-52.7178045551
-38.9390681727
-140.184964739
-218.740900273
-72.1029677692
-115.51923117
-138.586893743
-71.9269422553
-51.494612776
-45.7765996438
-113.779568587
-129.972805896
-98.960684233
-91.6223017375
-136.705056071
-141.950960577
-69.8806655922
-34.2826383927
-98.0998733579
-49.5958547179
-39.545445611
-212.778742502
-137.025380077
-74.7280785041
-42.028880361
-56.9152198211
-62.1906007758
-102.094578851
-50.8547286272
-79.2403215173
-146.937375437
-19.0339680364
-119.386626937
-18.9621282328
-111.858868167
-139.364044448
-52.3830148195
-84.0963922111
-38.9867668536
-65.5813824334
-47.4253330721
-35.4913661233
-136.816370473
-101.070233406
-185.13825598
-50.7273139953
-38.6712398575
-43.1523390292
-55.5204556103
-107.655918496
-125.606293282
-63.9812705672
-73.7644769222
-26.6074379393
-97.2119310455
-40.7370609726
-97.5798819465
-62.0644017461
-58.8546595988
-53.3880587295
-55.9684322319
-67.0412615353
-25.0806929858
-37.3374177443
-193.495731359
-84.2612713188
-100.774417345
-27.3917313109
-185.85984451
-28.4324738689
-21.2577756334
-41.2508050928
-64.1769069249
-144.858052858
-81.375202847
-23.6470202843
-55.5552108678
-95.2596152203
-45.3649859164
-36.1401282529
-116.066420523
-44.4537073617
-99.580599023
-81.5139023132
-168.35405543
-131.216242244
-58.0490563251
-91.834547721
-101.008594875
-111.417519273
-75.8196433977
-56.7631145016
-74.6002720006
-103.518292764
-54.6368330087
-30.533785287
-229.536750756
-101.175154932
-127.44011805
-124.634221526
-251.438264799
-52.4163105202
-176.961734884
-100.385051987
-87.2183757072
-88.0147350028
-40.7520263682
-34.1859645521
-23.0681974044
-91.2618241909
-26.6266863744
-156.949997162
-70.586741166
-55.0116767867
-104.287442398
-111.135500299
-49.2982441583
-87.6071440937
-97.7340764549
-32.3560887626
-96.0779803927
-39.8478571163
-69.1781344353
-154.113414647
-101.41318659
-50.399927699
-61.0624880645
-71.433750836
-101.241186087
-66.8127451835
-118.264966565
-34.503887885
-107.130329143
-89.7239313311
-125.943325958
-147.454548925
-100.178486144
-71.0649464089
-39.5632333114
-65.771853712
-134.713154753
-39.9187967465
-62.9815893552
-36.9477520707
-73.242549624
-140.034602028
-141.69247704
-82.8830259426
-58.206326998
-108.008219902
-122.306462792
-137.237801713
-96.2571754068
-96.3635495934
-61.0131444912
-77.5605932557
-73.7227006947
-84.9358619449
-55.4939090246
-99.5450850509
-33.61547129
-127.979907279
-72.9127205159
-133.960602958
-44.1270368429
-76.1690682804
-126.393591575
-86.8158678246
-135.065078647
-84.9954310641
-95.4669078606
-77.5008396318
-46.6885979575
-73.8521514097
-137.492955306
-91.8204915169
-67.3988793799
-93.6110973286
-56.6288910329
-66.0344480627
-38.0956590333
-82.5480628224
-65.7656575142
-143.143866448
-135.74808781
-108.042788155
-123.957236295
-97.7746609122
-32.7266520779
-39.8582506157
-87.1562428945
-199.287034016
-151.166619162
-94.1935725168
-90.8467420591
-44.5745811864
-69.224717955
-53.3580276868
-65.159322039
-73.9337077571
-110.620661117
-134.928209227
-136.406338749
-56.8679162447
-78.3317248863
-121.713539096
-52.0177001138
-82.5926028715
-28.7269562719
-132.198135478
-132.802929219
-139.858968772
-140.666148885
-53.1146705682
-98.2898589664
-100.754635813
-58.5120635582
-208.336853327
-48.6480434118
-94.1951352632
-52.8331702397
-72.0680184548
-87.5148428248
-79.8955352269
-69.5316069653
-119.673197378
-67.7233044718
-124.935047525
-63.6797847977
-53.0149422879
-77.153870676
-101.813824095
-92.3056290522
-113.3511515
-121.357735094
-120.836539719
-62.5573159936
-109.432815524
-83.3127482361
-155.01813228
-187.639406047
-54.56303294
-90.3844587319
-66.0307836758
-50.6707860787
-97.116862162
-72.7662625931
-36.1700318262
-34.0640012439
-89.4095291143
-152.85700057
-70.830699484
-57.3335734552
-75.6104885984
-79.8195361368
-123.129865549
-102.601405388
-55.5687609803
-69.8332183303
-98.2828725783
-58.0930064388
-93.1604645989
-230.787392808
-76.1234345464
-21.1300926197
-27.9611426877
-154.099859051
-90.2338433063
-193.548576008
-101.675325701
-89.7000531619
-32.8900323452
-96.7510797333
-59.3939471678
-93.7356337976
-136.22258366
-89.5522891431
-161.889932614
-86.2317881207
-88.6098541321
-150.92122674
-97.1867954735
-63.1480368652
-102.618186718
-77.5289684683
-44.3606054037
-86.9966128051
-144.706798689
-56.6581506512
-126.190833674
-109.766790044
-137.840553525
-52.2446488553
-72.2476667461
-31.854490322
-45.8429835285
-54.5922216373
-97.4245601476
-203.082101347
-84.4221924727
-34.1911791393
-24.3211568837
-156.703918926
-65.0565839741
-181.072361852
-88.7989586248
-131.645254992
-229.553505059
-36.5492572076
-82.217042039
-63.3939285516
-212.357841819
-82.0868361967
-75.0263881146
-71.9052024114
-40.6278367214
-90.2398351983
-129.489221817
-115.666789151
-84.0426371917
-49.8925083343
-116.272866134
-97.9446274813
-125.258273831
-32.7545911574
-181.14861886
-125.285929749
-78.6650094166
-64.9826032637
-107.645296845
-132.559616182
-128.224334181
-74.901063753
-95.259006894
-109.837955658
-27.2536307693
-85.3714868261
-30.5550447719
-150.03358033
-143.147579808
-36.5741071973
-46.3676039313
-90.265400388
-50.3150901771
-117.035198194
-71.4981538455
-55.2297172325
-26.5383288088
-85.3696103717
-118.604564356
-48.2385736169
-46.8320231927
-148.380359911
-46.053916876
-104.1012813
-147.193858535
-37.2709387003
-78.0204436988
-28.390558581
-90.1326311383
-45.7654406291
-152.016040965
-116.966717764
-154.222422157
-151.764811433
-102.084454362
-115.247679104
-111.566854289
-60.5663115005
-113.812297643
-150.388957871
-107.47554522
-112.497351247
-94.8771458034
-118.220960658
-118.705938541
-51.1264307183
-101.021414938
-122.113565923
-117.296790011
-121.911925874
-125.460531544
-48.1481067077
-45.1748501642
-60.1642719979
-47.8223291744
-76.1141865476
-74.7298908117
-142.715692817
-77.564369262
-143.622327374
-63.0818922271
-136.626818304
-80.616331688
-138.077871553
-61.708235685
-35.1971773478
-70.3858319323
-117.92500661
-68.7916836447
-91.6594288031
-49.3855191576
-51.5082141286
-73.224406259
-65.0470551918
-106.742411517
-42.8197343528
-69.9096226155
-105.832455943
-41.0092103606
-43.0434183003
-24.4776310495
-65.592632198
-41.8868508335
-93.7990653781
-103.726019022
-85.1808455641
-41.0620917991
-94.1422688437
-76.2911099186
-98.9196190157
-88.4951285677
-60.8321383822
-113.582532659
-147.425551212
-71.2558152076
-113.473903027
-85.4489211151
-86.7593536193
-86.574790429
-229.184230992
-67.2591779213
-94.7853818578
-168.314456619
-126.96444014
-35.3103350697
-79.239298035
-84.6206979359
-103.856349741
-90.7922241345
-115.630219586
-108.142069386
-154.97206292
-72.2691513414
-332.084116978
-115.509138306
-55.6092694266
-81.1326029982
-133.381323531
-65.6181718622
-69.0951270282
-108.976898027
-50.8728502689
-53.6282811507
-152.62739756
-117.699289147
-78.8804918243
-89.8528822975
-42.5666547633
-110.614268958
-31.4197142394
-39.7775727399
-105.234553192
-290.37657724
-62.5874066422
-37.5058087109
-63.778955528
-39.5906820583
-125.948700137
-67.6326357561
-35.3314890402
-61.8893975553
-66.4549700138
-39.9904855701
-79.3509410533
-208.73863484
-131.695779845
-83.4775642964
-163.568977603
-95.0961551894
-63.2943171441
-47.2673914036
-53.3465042578
-80.1995420165
-102.473224917
-59.0332458964
-54.4002696196
-35.6774837798
-53.0014447352
-36.6157081802
-125.898717886
-104.769789356
-85.7356270394
-93.935972555
-96.5336176165
-88.4249314892
-83.0530056463
-104.666034401
-68.2199767874
-51.4029364241
-46.3603988478
-43.3546906694
-121.171761069
-75.2311430246
-92.9258367873
-57.9055228273
-60.2723816372
-63.7672699629
-94.0007577133
-87.7697293893
-42.2331618207
-86.8857951423
-61.5611207632
-67.1992178602
-125.815251966
-157.422114454
-129.52778212
-157.339291488
-105.410084812
-91.069353151
-44.7231497945
-210.699628984
-126.287460966
-130.514199586
-139.664359675
-147.918167386
-188.396394597
-139.352175644
-126.707299318
-117.707185552
-70.6846770945
-71.2920651865
-112.337900242
-51.1010038958
-112.032683917
-193.135612448
-91.5902152444
-139.103300499
-45.8893893235
-55.1120353532
-109.974195195
-98.3610330234
-128.892693491
-52.6863694845
-56.4498952623
-115.164287846
-38.2541839709
-48.8838665783
-122.224382254
-86.4981700892
-62.4714861182
-66.4411957461
-23.7850423815
-163.938735177
-102.968925557
-98.7135455558
-59.6110668106
-25.5758471394
-59.0054268944
-84.3883822489
-78.1418163208
-66.559556922
-59.6172953379
-103.36706717
-143.373125229
-62.6888161056
-173.500949605
-65.8157562332
-25.0959996944
-124.591927078
-142.912568599
-101.795719208
-82.854243109
-112.594554979
-108.793462493
-82.0698300666
-89.9455809039
-99.8343779269
-49.8743686194
-53.9210974978
-81.5047217104
-96.2218744428
-60.584013528
-170.769141803
-88.190436232
-81.6289634874
-77.3738168036
-54.9045960541
-41.5994330433
-45.0509371283
-54.0485960075
-43.1354515644
-46.7247845999
-47.7245433524
-51.9713718907
-45.4229661976
-61.3931001931
-27.4594965655
-76.8909435899
-42.7930747665
-54.4437926495
-54.5034887589
-47.5009913855
-86.4618813784
-50.9717788687
-129.475471453
-63.2670839837
-40.4883125671
-31.3558583229
-139.649560658
-47.635801781
-167.228912903
-171.984521289
-90.6180806139
-25.5440954501
-67.1642757871
-20.1909183045
-87.7806181737
-66.7808324498
-182.319378738
-71.3624819944
-32.5813279219
-42.558148359
-88.2154868336
-70.7020565772
-47.1269319188
-106.526335308
-162.220970396
-78.0989695592
-123.693845262
-86.365891806
-101.925889843
-148.573584843
-154.890305022
-33.949435218
-57.5831762223
-144.603276412
-20.5184460588
-83.9943366466
-66.1471614045
-91.8387250074
-103.727618211
-227.946679031
-163.063524988
-43.8745588989
-131.667175055
-80.5538492818
-154.258372065
-43.4621927607
-23.2825038565
-39.3590396282
-82.5785231969
-57.1028546414
-30.9761940927
-46.3952571896
-36.9887361545
-60.5666088976
-95.4829651536
-127.134519025
-36.1685788834
-53.3505769287
-102.041446038
-68.0478182389
-111.515688452
-103.374507575
-68.5480036253
-105.837493832
-124.515523244
-86.8763850436
-110.857793883
-59.9020867302
-99.719715856
-99.3272002705
-39.4263197657
-143.622154218
-77.8951225863
-60.8947454691
-144.319901176
-25.1887337466
-50.5490956313
-98.3764762878
-72.4181467804
-84.7979804028
-94.182117153
-84.5536322563
-34.9146417648
-169.497479869
-56.0502908853
-36.7158841508
-73.0060884714
-87.6378337812
-92.1249557206
-39.5641667464
-59.9154219861
-108.903100094
-63.5748598593
-44.4147045013
-96.3060192863
-74.1077891806
-56.9541341139
-111.181866518
-91.9874380966
-86.9452329603
-86.1517743652
-44.0000858929
-93.7653228429
-167.146485583
-223.540883839
-66.0254922002
-111.975400458
-86.1360523293
-72.4408711955
-111.842135309
-51.4278284756
-83.3355215522
-32.719242927
-114.476050906
-51.8180004593
-43.5335583949
-41.7146990675
-39.0055637186
-91.3471912531
-77.6483220338
-58.5118671156
-41.1490903157
-89.5784054997
-84.1379857221
-99.725509543
-43.7788364383
-37.8113425676
-57.4892410537
-59.3173594216
-91.8745198137
-101.271601485
-93.0187249369
-65.1211781901
-48.876608124
-75.1981212396
-132.958845321
-84.4339078807
-31.6795660216
-73.6550708717
-75.3639234334
-66.374873185
-49.4810822827
-145.213631676
-60.0777687474
-102.824620904
-157.354309908
-79.2807190589
-86.431980972
-152.893190541
-132.157860668
-98.4424685983
-142.120200203
-108.680503431
-93.0607968192
-73.7547337215
-146.355439981
-72.8239763331
-78.7345009588
-59.9666430362
-249.27255745
-95.2817480237
-65.7096087029
-39.7940510658
-146.067779479
-116.18641017
-106.240494924
-90.6772707343
-87.1322500103
-59.1286785656
-81.5248347603
-166.097117492
-56.2460613822
-114.240358142
-170.844244621
-76.0852637159
-150.743219346
-81.6112977855
-132.665094651
-117.904417285
-81.3370437428
-54.4864017145
-96.4535958545
-59.2491107506
-64.7498088768
-18.3437056407
-45.7692533141
-93.0250373129
-124.265340454
-68.0329699869
-175.799148902
-142.538486414
-90.4829528938
-62.7731808618
-113.30155263
-60.5360951492
-68.1033732589
-75.0151598685
-62.3756665101
-123.290416703
-191.168061522
-78.3690721805
-35.8360869718
-40.1348851697
-45.6368747082
-63.879595453
-108.279231333
-118.485487283
-150.03052374
-51.4231940027
-51.0680237366
-99.60466288
-147.646715049
-130.890658942
-178.528502823
-110.681865808
-100.732026062
-147.011272095
-86.1060269972
-113.633871768
-135.884432168
-100.550482544
-74.6182561772
-183.361101122
-103.510516188
-71.7490822073
-89.3275185002
-73.673686546
-84.4818455244
-145.225409255
-46.7402466234
-37.876873026
-37.4048351927
-86.2241386366
-39.0228747365
-64.6609794306
-30.9709132534
-40.7430822424
-80.7819268469
-52.7170313175
-52.9851057615
-72.7720952859
-19.3775410878
-36.2442590854
-39.8274042785
-61.8847394083
-62.6327788544
-34.8284373311
-25.6772121175
-37.5266391542
-104.935137363
-30.6264769812
-40.9789648761
-118.807271151
-50.6484452902
-39.411571351
-22.433594803
-49.9096353396
-58.6432794762
-75.8634815441
-34.2413248527
-50.379902002
-44.6934390005
-31.9177782995
-54.875622389
-25.6428504823
-46.6243439098
-47.8587068316
-73.6541037208
-74.229220956
-36.3163879299
-62.9879595665
-94.3331385541
-148.904028409
-57.2664815785
-75.8683070498
-95.9986598393
-78.8939494391
-160.117752033
-87.0439270541
-50.5661208427
-88.7804442353
-59.6273326526
-468.780986224
-93.670987981
-141.797497448
-169.80291357
-175.346170751
-55.2980719668
-192.541729169
-219.105844687
-112.833192656
-167.12507113
-83.8587167151
-186.897850034
-135.246973635
-87.6298369831
-23.9156765366
-44.2926086925
-139.186562933
-114.78372566
-132.512210697
-87.4911335441
-108.587968134
-143.12447781
-107.950440776
-79.1989667851
-53.8538565881
-91.7134243888
-27.4351354011
-27.7964418614
-48.5892113731
-31.4155839454
-29.6187284801
-142.919860929
-124.383993644
-214.47357886
-76.2842895262
-193.594791864
-85.5980609
-126.086253442
-117.561006278
-88.4295737021
-85.0614722201
-134.598769618
-70.4476106999
-56.9805008734
-129.467803461
-132.196811861
-55.7091792624
-39.2514046823
-27.5688382554
-24.408993801
-113.445041937
-26.8922807942
-31.2479089633
-52.8855303356
-68.5574567654
-64.6261085003
-44.583012639
-47.7291070035
-45.515798368
-56.0649863192
-58.1708177266
-97.00090351
-88.9162380804
-90.1147127122
-50.650768207
-90.0726325777
-28.5743505905
-31.4059552638
-132.82281651
-160.995506033
-97.3541323686
-93.2628427131
-136.606288205
-54.861207422
-156.426917292
-133.370743505
-76.5181533895
-76.2985088739
-67.574743494
-48.5380270621
-48.9615373181
-46.5604954004
-31.7307240206
-31.817053161
-31.603823156
-82.1292902021
-110.798103038
-49.2186958434
-91.6184315352
-62.9326339027
-44.6534098052
-27.8988854556
-59.638159955
-154.97429992
-129.303907572
-34.214634117
-81.9950929
-84.0789905336
-83.5424730748
-66.0909584495
-136.270651768
-63.3648158
-123.780943416
-107.094543667
-127.837599823
-71.3898703065
-143.629012937
-88.4904762152
-61.6691428972
-52.8457848461
-69.3019846123
-131.342399932
-79.4927551757
-124.517061917
-87.2005727468
-71.5376742998
-71.063152303
-122.253684735
-72.7561836295
-101.291483181
-70.4122081837
-92.760174693
-100.639350541
-150.209999512
-91.2977099087
-120.809736137
-29.5840381245
-113.806402978
-33.8536218455
-82.1703570193
-63.9344101837
-136.657288826
-40.2555348899
-79.4085560423
-78.9269393561
-89.6967987405
-130.066203595
-87.2078725143
-121.059504133
-71.5467949711
-113.543325175
-48.1499215209
-133.454633822
-119.511392411
-96.5381294935
-50.3960934036
-121.189883002
-69.8491939945
-100.726676565
-81.2801717699
-25.2164592307
-117.644520946
-83.1099624764
-47.3806967959
-57.9077655615
-157.723523221
-138.785446918
-90.0407014111
-73.192423954
-120.138849217
-101.460646666
-102.621787254
-36.9233225146
-131.085463274
-89.0784770615
-141.414029556
-89.5350265518
-147.063280341
-68.9077847442
-32.9017536334
-72.2739454869
-150.665693166
-34.1847123536
-78.0945251403
-69.4726253976
-99.3649923312
-105.20886506
-110.157131337
-84.7873160622
-113.961913146
-126.981017318
-76.297052603
-93.4571985293
-184.586344597
-124.237245523
-73.9347828749
-64.9543654634
-161.949773624
-91.3295984891
-121.455034227
-28.9889906363
-21.6818064189
-62.3744711881
-50.8849487989
-37.2945440318
-25.7342048205
-79.826620608
-73.111857564
-54.1524816782
-38.1209823579
-62.7153104024
-97.4247796097
-92.9383783753
-77.5947525903
-55.1049661568
-59.1485955277
-103.901483301
-135.107366926
-40.4233638779
-92.5490175095
-88.3777043305
-84.6549045923
-37.9523196819
-128.45558941
-46.8706018396
-88.932759074
-72.2122588937
-81.8429710296
-64.4385789059
-89.7975323195
-38.2296708809
-53.081135256
-65.7394042908
-23.189832936
-70.7072584989
-98.6729499809
-72.2725405945
-86.1504739006
-47.2140080495
-75.7604142551
-21.5493004381
-50.7409692998
-43.0245064773
-81.7573569696
-50.3533761869
-69.3497760575
-58.7786880268
-67.0613442197
-66.4659732987
-36.2152599998
-22.7980111211
-27.3392890008
-41.4620098619
-35.1658513128
-64.3618287981
-31.6873623344
-50.6137151779
-30.6108864289
-50.907844455
-55.1817751744
-88.8226092541
-57.746116706
-150.680158318
-118.417870219
-106.673463071
-79.0315567987
-149.935875352
-63.2435106149
-110.167201288
-68.584697341
-70.5467335517
-105.019613578
-73.0905762054
-82.3408745864
-33.2482374623
-55.0620483888
-92.9315489343
-64.7749785549
-68.9955711838
-100.297947515
-73.4654836784
-71.9997750549
-41.3825425555
-73.5912559852
-65.8202082791
-58.1794444601
-66.4479985274
-96.1346823769
-42.4102566352
-48.9406506002
-49.2850513022
-78.2426371973
-77.6486148109
-44.4054859804
-73.8503237247
-62.8281095478
-70.2976131415
-81.8612746753
-32.8827507759
-79.3062728086
-164.445507583
-63.172886451
-119.255645301
-44.9022735754
-82.8863594236
-66.1974855201
-25.0300277852
-58.5235656696
-40.7563851871
-82.9513887657
-48.2572040382
-88.7698171092
-125.99209581
-100.885690804
-94.9968436748
-69.0659489577
-69.7831083465
-70.262410498
-58.0082657096
-92.159206926
-88.5640284779
-92.8978102342
-66.0914993662
-106.353123425
-63.4753014484
-82.9038439454
-128.211120921
-119.81464101
-68.5212751694
-42.9428901482
-59.9999458457
-128.127799943
-92.055621908
-124.651447898
-44.5486007926
-26.2241869063
-61.9761851587
-45.7445261829
-46.0939014676
-33.8746929993
-109.147432924
-104.951381366
-175.844018199
-39.7939875965
-19.2177564569
-63.485031735
-21.3525585655
-21.7624266408
-69.629171383
-92.1351006514
-35.6886482991
-23.0081769327
-24.3309961034
-50.2267786888
-172.120535158
-59.819497953
-84.6660148635
-44.4972421548
-134.055070309
-22.6007329892
-68.7077517529
-87.2165841167
-111.907980196
-199.672172116
-43.2231653454
-101.749556889
-60.9565104958
-21.6623728468
-52.3179504621
-103.707432724
-82.4961603505
-104.591137152
-57.7588515438
-144.180943487
-99.668483981
-149.502554183
-78.20360664
-60.1643912148
-28.5872238177
-47.656059478
-23.2966290084
-85.2399813874
-53.6935621844
-71.2400518966
-39.3075820739
-118.181156391
-77.6725841767
-197.961604909
-129.420338077
-85.2734438056
-127.16165007
-58.1419905123
-46.3756449194
-75.5366709252
-186.252645606
-79.8733487547
-122.448378146
-69.423102648
-142.889950807
-46.0842603793
-25.2526795597
-68.8868919026
-54.9986053758
-83.6933302997
-133.589619147
-70.9585240779
-135.504206369
-112.019029461
-76.83623455
-118.694423017
-59.4061712502
-117.642220675
-65.0925144998
-63.276735764
-61.8006928464
-111.375310721
-45.909243532
-85.5678369915
-106.582764521
-86.1464695845
-133.179935034
-107.996025714
-84.2306443949
-54.4696038596
-72.3623484492
-82.5710397021
-78.0332617194
-79.8727145433
-39.4406386047
-58.959762165
-91.1771513516
-79.7797449758
-59.9950023829
-48.6685762724
-44.8377882289
-83.8283962034
-31.4716339495
-60.344906096
-71.4738736739
-62.3683245862
-52.0340782107
-49.7481301721
-85.9953401327
-91.7015837475
-42.7250555297
-73.9703163578
-35.6692545706
-55.8970520544
-96.4139919844
-30.0478605797
-69.5003124272
-88.5937086792
-76.3917824101
-47.1017938086
-74.005219268
-173.711139051
-80.1603592036
-81.8801534499
-108.466694366
-74.081214035
-158.48643994
-94.1208440466
-83.1229213263
-85.447252761
-62.5511501765
-65.5418680076
-119.629375482
-67.9853537396
-84.4488937121
-42.6013827663
-133.218096442
-128.362442263
-115.50948671
-117.569501143
-95.5307893595
-299.814406149
-95.0896958343
-107.881998551
-106.451638639
-99.7848082755
-88.7635804572
-114.376381622
-68.4834899114
-194.402966682
-96.279954104
-91.0675661177
-119.561778646
-69.1886920234
-49.9816569456
-102.834009345
-77.5891801647
-39.5312693065
-44.1423368263
-78.3956560755
-123.303878377
-107.93060855
-70.6264113406
-96.5201843916
-79.1893512024
-69.7330584655
-114.383089666
-82.7663221754
-57.8740859422
-66.0996200067
-115.798471527
-129.145064876
-241.074059104
-34.9484746383
-293.388626723
-96.4084632893
-114.611024352
-43.9071906847
-79.9580177982
-116.593067287
-105.507973777
-147.080739711
-78.4407540549
-90.5187024592
-138.813562253
-115.097441779
-204.592921076
-169.325345481
-68.0536425525
-194.13713701
-178.248312057
-106.168333849
-94.357109025
-70.3050645914
-76.739397141
-105.538006202
-65.6242978666
-121.177443806
-39.9516313049
-157.253911971
-108.853517218
-168.753679737
-39.0197197748
-92.2326271057
-79.8843689646
-120.187551587
-148.393604877
-42.4045429611
-40.0393687073
-43.511885646
-52.7426187742
-65.7923239695
-72.4883197125
-68.570518258
-34.1447810917
-70.0759249717
-93.5563206448
-34.0023553134
-34.1966777798
-64.469932768
-74.090644963
-81.4882492227
-76.9747663066
-182.358325832
-80.7774191753
-43.8154399524
-53.2438366861
-36.6289690807
-63.5352862965
-178.539618417
-85.6145812769
-69.8207254118
-72.5743134085
-103.341548431
-91.1122266715
-128.532401257
-36.2419023878
-27.1880673556
-36.0667304852
-26.9808107182
-20.2950888847
-32.7812105874
-74.6862721809
-34.8147763989
-54.2258594853
-34.2225796297
-48.6488289799
-25.840351072
-35.9531119355
-34.8964388133
-71.1136600729
-30.7134127292
-28.2991261275
-94.9475689744
-18.8671273654
-38.4375794341
-21.6681740121
-27.3041324667
-40.9951796282
-36.7406643621
-18.8949175385
-57.940393255
-22.1981621525
-20.8536628899
-25.4776012287
-67.878504041
-34.3796315846
-27.8035141779
-54.1031735956
-27.0237445153
-35.8637576008
-69.8656286526
-46.7007840809
-44.3053534653
-48.4567846072
-54.4966518991
-143.828116964
-89.7420051479
-59.9626747977
-137.172133836
-81.1564712098
-80.6547758814
-127.496652453
-77.3457435263
-53.3782972942
-97.7256453025
-85.170621823
-50.570603877
-107.33274005
-81.0716412071
-66.845021488
-113.141842324
-68.5251935622
-196.901745452
-108.041442026
-86.0135717405
-112.726123548
-136.535899908
-126.041352609
-241.14191489
-135.715873432
-223.100594717
-179.093956066
-189.358701447
-96.4897939678
-57.433461463
-46.9933487895
-95.4165357478
-77.2359032345
-100.111307949
-60.1923841287
-162.443315309
-97.5123347709
-104.125826426
-92.6618041234
-143.709222986
-57.9855015764
-49.356574353
-83.0982351385
-81.9989794835
-66.8352525515
-73.8542676756
-129.146516672
-48.5346504119
-93.0303372276
-128.760280326
-64.1579752514
-93.972919274
-103.205557823
-45.0785760376
-52.1903456796
-95.396353041
-86.071638261
-118.619039919
-63.8472034637
-164.737770215
-95.5439140783
-23.612767456
-101.143804856
-51.2155851956
-38.6645168134
-104.933458844
-56.1839071566
-76.3300400666
-129.088312122
-128.201564497
-27.222589786
-35.8316244439
-27.4712934462
-34.7201934985
-84.088923148
-111.449617384
-58.66726804
-85.5090823964
-130.403559448
-138.997644968
-80.1444317816
-34.7581254794
-38.7403380784
-55.4912866287
-106.319411168
-106.494464555
-62.901326613
-43.2502617759
-45.0843697822
-56.9002972149
-86.0319553622
-130.170678472
-117.580279487
-64.8639277974
-68.3208671444
-164.869454002
-87.9739820739
-66.8573893556
-43.4526088554
-130.658816484
-87.7437908797
-92.8390065516
-54.6319297904
-136.190885185
-176.019064831
-75.2205763643
-51.6290769573
-58.0914304595
-115.653228302
-89.864320677
-91.3701699981
-134.074480098
-120.848304075
-245.09662004
-132.615232442
-61.8028202154
-125.526942305
-82.5332117814
-85.1336728012
-66.7103140608
-81.1777114564
-144.767216342
-120.984623175
-144.182778107
-72.2493048052
-44.6900244357
-108.942475043
-91.6668905933
-148.308020163
-70.6906577693
-117.068245646
-100.344490961
-161.512053209
-88.0097323613
-84.1660733555
-115.185282752
-79.7724824283
-52.1100359847
-102.645070607
-155.703401485
-77.403229982
-46.6303660683
-99.4770382007
-122.074199773
-134.200520974
-85.5364782987
-50.3435404766
-67.127067238
-148.822616219
-138.298874094
-68.9979838864
-34.0142721815
-82.7095559954
-116.415495616
-147.726925681
-149.319643378
-194.352400607
-77.5905258493
-49.4422679379
-64.3012291637
-124.85530881
-85.2829329493
-108.851777561
-142.675645275
-79.9955445532
-67.5878855912
-126.929772057
-84.8170353088
-130.424150128
-49.2079291243
-127.652987985
-83.8093970295
-163.396580475
-114.527578124
-118.878431922
-83.7185748937
-34.7555503833
-113.881378122
-98.4497576874
-153.943664693
-75.4567350039
-99.6827495057
-57.5774681367
-85.8878310061
-167.398090544
-69.7545071373
-130.645871439
-71.8608517109
-43.6357867118
-105.35280975
-145.857662066
-59.9024340735
-146.609588141
-55.9895875756
-76.0627567903
-95.255677826
-94.5302274669
-127.96755211
-99.4770322889
-154.033064918
-67.0718357965
-93.7556167972
-109.934660746
-82.5108043347
-38.1153023454
-120.426721043
-205.11533507
-84.6086951636
-74.1181551236
-87.0500509991
-222.621367165
-184.779817821
-148.471702948
-385.65537489
-192.526418019
-196.907331681
-176.380135485
-132.69966163
-103.97007755
-101.603186744
-56.8714597248
-63.8242990483
-69.3779723044
-202.829678851
-197.387447164
-59.3866102092
-45.4398501718
-180.301096589
-135.74069982
-131.694304365
-21.9348319494
-127.981352437
-131.727774672
-127.751791897
-170.166034611
-164.859625863
-102.827149248
-191.445188591
-46.6038006615
-120.620567979
-98.6297978934
-67.6891275069
-91.5899207796
-108.613143157
-84.6191594527
-82.3777559044
-213.983512285
-73.7717356003
-117.363531657
-149.194822116
-193.396855271
-38.9054648907
-104.931840271
-109.517091114
-117.019437458
-111.632270156
-131.493482926
-69.8038488851
-21.1079319319
-105.896981931
-155.323013868
-126.386889104
-63.4317946429
-46.4310398603
-115.777573383
-89.5592243058
-112.22070119
-54.9969693653
-160.646659902
-73.5190930556
-51.8590097352
-51.1266628044
-133.395329709
-64.4241468044
-176.515307187
-126.693214185
-50.3506086219
-71.6341991135
-131.310220363
-82.7760989621
-200.925878469
-46.7830577042
-94.443099698
-80.0919951141
-266.546725497
-54.6944707165
-91.8130987895
-115.558139852
-109.518785042
-42.7150329857
-93.8379456991
-99.8653809821
-60.564209112
-50.7839703875
-137.980699382
-71.4593137841
-66.2676322281
-77.0856648653
-108.669868182
-31.7713881785
-179.617906208
-52.1750116736
-124.937991644
-64.8754102602
-182.10742787
-52.780142554
-42.0840342754
-299.062406635
-261.992073526
-45.9523214151
-175.996203091
-206.966968131
-157.947724037
-220.960853848
-46.8365135689
-30.486743439
-142.344880358
-71.0848251774
-112.96707081
-31.2485380891
-55.7387873092
-38.2576537548
-47.1802047099
-76.6996318068
-71.9969647169
-55.8898661709
-103.939886772
-39.1676087558
-67.5084977264
-94.2028293944
-81.4701301462
-24.1111248737
-196.570823465
-68.1864813451
-81.2728899854
-32.5305303706
-62.2726309877
-42.1744863835
-128.548161662
-23.1731389735
-131.301673639
-136.205071162
-105.871177239
-88.7623619095
-154.95628922
-19.4672666806
-72.4192312997
-127.196082964
-77.9585643344
-37.1008104153
-202.871923625
-121.021200103
-48.9282582442
-162.175678333
-224.974227704
-72.3308346734
-177.688047347
-159.721533083
-88.1493815474
-76.1314979206
-74.1127743639
-60.8612024918
-17.8505632613
-153.935939173
-130.571607929
-112.106688929
-65.1944428829
-90.036250238
-57.6861606327
-167.16354768
-18.0335754599
-71.2727085447
-100.5378788
-153.301090336
-70.6936189931
-71.2566001369
-164.10821393
-139.394085191
-59.0974042421
-149.004430726
-26.1780573072
-51.6260038921
-19.0521375558
-75.2692753461
-149.390660302
-71.5820963302
-20.4710115642
-69.8509198052
-69.4773997624
-172.705648216
-98.364207768
-67.3527457433
-55.4848853907
-109.139620603
-132.559752712
-100.829146314
-81.4316196641
-138.449666081
-80.9285187127
-109.147038615
-115.856668632
-55.0036600185
-47.8187693065
-65.2179139867
-71.7168621078
-144.8854549
-99.4323313099
-85.8343620116
-74.937348091
-110.827518107
-210.833089397
-56.5808955439
-127.909053843
-84.1026722014
-174.593745661
-100.082879022
-129.289112246
-59.1566755618
-48.9416642082
-44.3551596873
-169.907142353
-19.3868287622
-33.9676249263
-102.602062524
-67.3381882074
-101.980858252
-97.6173071048
-79.0574149593
-97.9610230222
-74.5656248686
-112.588141573
-71.992839004
-146.073268961
-60.9477001736
-147.644724117
-128.403595454
-123.721108417
-117.795526246
-105.076996759
-126.773911812
-86.4023375638
-117.440592898
-30.5809988409
-141.76845907
-86.969242061
-73.9176152565
-69.0626503663
-25.0119280597
-129.894520939
-252.721856814
-86.1832389368
-87.3650026994
-72.826966336
-61.536304102
-73.0064032536
-76.5403352254
-86.701948852
-77.8408983763
-121.766085925
-69.1765543888
-56.4215565069
-148.403723898
-273.606597834
-42.1378764472
-112.406538497
-300.092964509
-106.65860238
-94.5923258728
-97.4985500947
-89.4581698937
-137.010575772
-128.999027684
-155.547357199
-157.893997279
-98.8809251431
-85.4130943187
-82.8097239274
-25.160654117
-30.691165577
-49.1976739213
-117.237510017
-28.5539981426
-98.9984094266
-31.1753794382
-95.6150202986
-76.6463884846
-70.2844143225
-84.3380559664
-118.546337043
-101.557004452
-84.1170768005
-38.0011000532
-66.5620161587
-64.1664626959
-52.6927152519
-44.8747243903
-51.0205475513
-130.479835376
-131.063652708
-90.0367097756
-60.3577312339
-108.769396277
-70.0991493616
-273.238049015
-20.9230575169
-67.0858509647
-408.788533044
-89.3940824808
-65.8072178779
-91.7034813808
-108.958808218
-124.455332133
-97.7610368476
-29.0562994846
-86.8697342438
-148.810804238
-124.789691276
-79.8419431438
-35.2889814731
-46.3674437876
-94.656255975
-52.069745189
-36.441204589
-86.4930232416
-60.2895331466
-59.7807141793
-116.422693432
-49.979048056
-42.1532592835
-54.8890167373
-118.602946853
-125.121259789
-155.358299865
-131.420450286
-111.98745737
-106.222913686
-96.9363633982
-169.871338071
-120.510025882
-179.171746903
-209.885543397
-45.6244187747
-36.9239984173
-94.9140441848
-64.8182478818
-30.0460133008
-89.9739562301
-94.2357181603
-55.2988555058
-86.6526239556
-48.3690906705
-22.8343809293
-71.0782046079
-38.2560891418
-87.9759571444
-64.7038491569
-73.7644146079
-24.8947158524
-39.9113608143
-22.7005730937
-83.647445412
-129.847386634
-96.5161656979
-83.215716896
-19.8657432321
-53.8078372343
-71.1209890276
-36.9231067463
-33.9039759072
-78.4720372165
-20.5468696898
-69.8259150173
-55.8066436921
-36.5984560575
-51.8805895484
-100.268476265
-80.6671452153
-21.5270387161
-174.757981567
-66.9944341455
-22.4355596025
-18.2188576967
-48.3533003014
-23.2053839276
-202.272170105
-28.858057394
-19.1357617581
-113.072169761
-29.210562165
-64.4077636195
-43.9831229425
-127.453222759
-130.760686959
-63.3527177931
-46.1735029997
-32.6000211396
-51.6960169201
-140.245810929
-60.1530046782
-54.5727921499
-86.1498496339
-96.0224486781
-175.010886229
-56.8400903643
-98.3496331651
-64.5629422003
-34.8193189258
-80.6851614254
-104.688590757
-98.1398527433
-67.5279927252
-76.2760146322
-120.329535628
-103.527561631
-103.410964838
-96.3441043193
-82.4197153032
-149.603571745
-162.948049413
-82.4061601953
-124.996578815
-34.1190383206
-36.2568371042
-133.136227288
-46.2359579043
-68.9311229275
-145.132849539
-220.868270172
-138.023153974
-99.4071759134
-65.03281633
-105.3340765
-117.771876642
-146.0295346
-112.862744129
-39.8682428127
-22.6715177466
-31.1194813431
-51.6413421046
-89.8539779088
-21.7147692928
-23.5444618444
-90.6762438409
-155.288189738
-139.775159793
-150.444897597
-66.8241571011
-75.7764936122
-85.3193240741
-154.206645421
-98.7110256174
-57.7247594147
-111.156585719
-152.437620878
-68.2402356018
-69.9089256078
-62.1108831831
-55.0252671255
-93.6376366472
-47.1493153064
-56.0598244074
-68.5468735383
-76.9281047164
-123.693324979
-77.8183400732
-102.618305421
-44.2561817815
-58.9631022292
-81.8284977215
-88.6316274191
-68.7747506674
-71.2452178605
-121.435175784
-95.9004822479
-73.912643938
-86.5570098681
-71.3527546468
-29.0274987801
-74.6559938992
-62.0552933969
-61.2074460903
-121.57284789
-82.7364152017
-57.4054117507
-62.6486221225
-51.2459957975
-106.563353176
-97.0729274863
-115.85230393
-65.7906221021
-62.3538436067
-77.3768800625
-38.26584557
-29.6290720285
-62.7873938455
-186.015171354
-126.890282799
-83.3894702692
-61.8816301094
-127.271875673
-69.1409904035
-81.3035666737
-137.98154075
-93.3449937487
-110.55475662
-108.548557516
-78.369332133
-95.7376480868
-100.862643175
-85.7565144418
-49.9747326913
-47.6949670418
-38.8082760462
-189.532237375
-51.8375501427
-43.7669644571
-68.3239179553
-166.176103661
-83.1386783687
-181.620193376
-127.328909764
-59.8468840858
-88.8362322528
-276.844152458
-58.5921814566
-26.8709610597
-129.190796432
-77.1061927437
-128.278019676
-132.131206352
-30.273031222
-56.9674445601
-39.6546521053
-97.1374485484
-77.7288681287
-57.4995179438
-156.330194883
-76.9937370979
-80.8240618309
-57.9107993343
-100.100559422
-70.1662897094
-105.567924414
-33.6150545678
-12.7532307032
-135.386225607
-39.2925579585
-81.0108207378
-101.204548217
-24.0270019368
-75.533070866
-120.203607694
-76.1366879267
-94.7552635484
-51.5253690768
-132.291613811
-66.3302451771
-68.5988054914
-146.056483603
-85.3749669353
-122.244176298
-75.2850504175
-39.873222884
-84.5872065712
-55.0152690613
-71.738636792
-86.7637468612
-47.1922527987
-109.873755691
-78.9921990939
-301.675433391
-155.226774933
-52.4464202273
-125.40265138
-75.9917757081
-40.4017206271
-141.936939483
-71.6242525322
-108.062929477
-105.700164419
-134.809454414
-94.4520633478
-30.207065887
-20.088284797
-132.170577365
-119.835456839
-85.1642640955
-175.320435264
-68.9380369738
-203.05757604
-42.2093099572
-86.5694376362
-153.287299084
-79.0419754962
-194.475019607
-152.47757879
-61.2815192797
-178.833329937
-135.415745291
-106.163048148
-109.62128424
-62.6362140379
-122.841098889
-146.815764052
-52.281073969
-34.6485693777
-121.672813485
-199.722278794
-46.468770972
-108.441882323
-255.042582276
-146.154580279
-92.8460782913
-39.5051094286
-148.127888363
-183.541942609
-78.0300022393
-38.2267816433
-115.16347971
-76.2868123679
-34.9921560944
-107.397662211
-159.454117583
-82.4405743528
-92.1846696694
-38.1639948159
-111.976191728
-58.4643543409
-79.9583933913
-150.510265047
-41.6115379986
-62.0343891746
-97.6911712974
-80.3820880123
-72.7152181276
-107.933327734
-94.8309477897
-60.3009896807
-112.576578838
-245.917809028
-102.043856655
-125.014179778
-121.008990346
-151.826750408
-59.3365824291
-130.8016154
-86.9556027653
-69.4180167934
-79.9313114909
-79.5870045675
-41.3106738053
-21.9420756437
-43.0291600193
-81.1262179985
-50.6645878712
-42.4135614464
-89.0004218543
-72.7785123027
-51.7620177598
-86.9550806877
-54.1061535901
-83.5237777092
-63.8029368383
-118.594720805
-89.6671591005
-86.8182598069
-162.195755223
-148.39957624
-150.361119514
-95.3472936491
-135.353034502
-171.809023893
-57.7108076761
-106.518557011
-47.9340740653
-117.058184574
-75.4908050946
-159.598442156
-79.9905184786
-96.149838241
-170.737495993
-75.5065347634
-57.2907742044
-41.161332306
-29.6003340742
-73.0508399202
-85.2348479838
-46.1479474589
-36.0561381848
-88.9491693891
-64.4139268029
-73.561836997
-53.605154345
-82.8607737301
-38.2095218723
-18.0364679035
-65.9221150807
-67.5979591131
-109.830181162
-169.721305758
-70.049742257
-88.3251587905
-79.5866222335
-128.395032848
-18.0536975067
-94.3016836813
-50.9008961033
-49.8435892373
-126.534944361
-53.8598987376
-37.5238287866
-48.8717271586
-71.4037965882
-51.3231515245
-111.828192605
-56.1865496465
-50.4795049479
-96.0047876199
-42.095393813
-95.7919548299
-50.9736273082
-18.1823024315
-72.0865109483
-72.1095879057
-125.554371601
-71.7260437284
-21.9359149698
-91.6254763432
-49.7134422003
-45.4943271274
-110.921202821
-42.0375269385
-112.601842845
-18.0455825128
-64.3238100345
-27.1935579025
-99.2689350531
-177.797739968
-93.2160748937
-24.0493397862
-52.722378352
-67.1699613889
-87.8546732634
-114.95661721
-33.2788112404
-50.4638190354
-91.2808925597
-71.9363843693
-61.0310766725
-90.4904843977
-138.740507315
-158.47126236
-35.6878728117
-53.851541518
-64.0847523476
-29.3773364745
-62.0244283121
-63.1041320237
-40.7876662299
-61.3389977786
-67.9590845945
-39.2533998495
-34.9166626681
-24.5512478817
-64.2839899217
-48.5332007074
-71.5404205042
-58.8533172949
-60.538456305
-67.2354429003
-101.127402738
-43.910397691
-89.7350720745
-81.3683879061
-69.1075488411
-61.4527487145
-117.390084163
-73.1654714937
-94.3068260263
-41.9853436164
-133.306014031
-56.936179024
-56.1880525218
-140.039983029
-58.0446727314
-49.0775332056
-35.4275374109
-76.8984341155
-29.8240942956
-68.7431150609
-63.8163841142
-41.27852965
-35.4848328617
-48.120250212
-30.1520587839
-126.235150055
-77.8071534656
-45.0740743068
-45.229026532
-138.677140606
-73.1999057233
-76.3646953976
-66.2129608498
-47.4704167209
-88.9227241245
-22.9560783437
-55.4223835769
-44.4128842581
-131.647777925
-55.2372650478
-110.946044952
-49.9630770296
-95.1583961372
-23.7342388998
-143.675721518
-42.361108109
-156.731744493
-174.020062746
-125.81326774
-127.056377147
-108.211207979
-109.882125672
-180.073315384
-106.590295934
-45.90121304
-94.788824165
-38.9938278646
-116.413551123
-98.6723464469
-63.4192777015
-134.976880484
-37.2454527825
-187.70612341
-120.310554169
-96.7108035015
-112.546251966
-144.218382413
-148.933679504
-85.929794427
-141.666973444
-87.6526052842
-89.7974441092
-118.571049712
-108.778522323
-122.781912424
-61.2639735516
-30.1831202721
-107.936731972
-55.7968357889
-87.8808822359
-231.721626652
-106.63934489
-51.2935595978
-130.001489699
-178.88856063
-39.0169369969
-57.1704511135
-52.0668979212
-120.263380255
-102.748059334
-159.222643612
-102.579576326
-181.552319725
-80.0538646396
-79.4746639589
-104.481017048
-78.1801557291
-316.83616292
-53.6379875074
-139.960309615
-88.2845671622
-84.3982475216
-115.72476188
-99.3504496931
-103.333618935
-30.9317498407
-164.689597098
-56.9768405093
-139.055059386
-162.385551391
-81.5004998053
-127.554466683
-104.839384179
-58.1830659138
-87.444028828
-103.614346382
-79.8226729495
-129.147806203
-35.231933972
-117.077407104
-100.991218609
-134.116883542
-73.6966519353
-96.509201618
-103.870985397
-66.2870445808
-47.715879895
-47.959653502
-237.272641603
-120.097789418
-82.4177822171
-60.002993669
-117.288316431
-46.9368914747
-141.070382232
-107.289924534
-39.8462119801
-93.1554692476
-124.307120592
-65.0184654127
-84.7475114562
-60.9825878979
-69.4993533484
-145.504631891
-96.6810873986
-112.566826297
-22.1442831529
-108.022621456
-81.5406791046
-89.4527448247
-46.9504741053
-91.74034612
-53.5630793707
-86.8478355818
-50.7422362026
-104.983898077
-111.843944055
-160.626834109
-210.458115656
-54.4743124208
-104.673216485
-56.1448458164
-26.7252789222
-89.085657918
-56.4737820436
-127.001749853
-103.657959085
-91.555145184
-53.4276840225
-86.3196194621
-72.7162338238
-74.8006817603
-34.8110690725
-38.614211923
-92.9463995965
-100.676642225
-88.2799989428
-33.3296903888
-31.7037858877
-42.7165381917
-142.347643343
-24.6374353791
-79.2853421287
-94.9852563794
-104.053508124
-31.4202745345
-108.165579317
-75.697916178
-136.630470782
-105.035141175
-101.768925577
-68.5667835281
-35.3486354897
-45.2612423511
-80.5491659577
-146.597819517
-73.794625319
-136.43762425
-35.5331829273
-37.3552475226
-46.0704055683
-109.0081895
-36.3904200849
-90.4017751898
-81.8891694711
-40.0193602818
-79.7956931233
-85.4693823132
-132.185451325
-134.539119726
-138.155633858
-83.6486074092
-74.6476615684
-21.6324554831
-92.010468811
-85.6957019678
-163.551303466
-94.9812743419
-104.216951872
-116.832481851
-116.474994387
-96.0227239716
-193.716286161
-87.7492605597
-152.906982144
-80.0930635195
-46.7652424103
-96.5551110861
-70.9223790769
-55.7211647319
-54.4773161398
-177.802940859
-117.112405573
-41.6382578474
-150.693217001
-167.935014927
-80.6211003427
-70.5816025787
-54.1702946983
-60.9829477832
-46.5038422112
-46.1775878299
-64.4475589528
-96.3716307877
-84.5513041238
-31.9352482227
-46.0434143171
-44.0301751047
-90.3727721361
-123.287794304
-97.0936891431
-120.447106091
-23.2863695026
-125.982599233
-109.277160743
-70.8268014739
-80.6281504814
-46.8845485479
-159.760575723
-49.375908234
-44.1822770511
-83.3422798499
-83.4221712528
-67.6268389518
-140.532762757
-80.8880615556
-54.866587981
-70.8032462993
-72.7789551141
-71.9778866561
-83.4603497424
-75.3375895284
-77.0934606469
-79.5919182119
-67.614098103
-61.4911433375
-70.7599611337
-96.6746701162
-63.2087156314
-132.557820574
-192.117030459
-44.8815473918
-50.0578040709
-53.6222948721
-110.286431593
-203.32111172
-75.1203098309
-133.112085411
-71.294826311
-94.4582731222
-144.654209919
-64.083981184
-189.65363253
-32.0551662582
-82.6075485294
-60.300169394
-39.7358620989
-83.8482798173
-109.937300748
-79.2698187208
-50.7362296167
-66.1226445764
-118.255801154
-22.1919038595
-27.5835910319
-97.3537265992
-124.51405466
-206.484563171
-57.9416725589
-85.3407553124
-72.5518440204
-108.772048467
-130.165124973
-76.5840389607
-45.9136215649
-33.7815942513
-50.0220742238
-75.1974896141
-153.844610195
-54.628238259
-72.1587743922
-86.2640861325
-69.7383759408
-85.8793255814
-69.2704820014
-92.8564623653
-94.7613272244
-39.7007546219
-63.0619749274
-111.463039018
-28.0559938181
-64.4377490619
-105.68488108
-64.7094172522
-51.1844380325
-170.331922891
-89.7344765721
-35.7058206208
-53.5440315242
-94.9456749964
-77.3317048944
-131.249515943
-63.6857924523
-69.0508688987
-55.00068288
-94.3106242362
-85.7257000795
-64.6216762507
-73.4263869766
-54.6257844022
-116.586053888
-148.070711237
-153.177213974
-77.4617897661
-32.6595585381
-55.1762738102
-65.3231736453
-89.22992294
-65.9597013771
-42.976467282
-79.8892692477
-125.661877005
-37.8104817612
-124.583007903
-164.216496966
-130.921463125
-124.871897641
-85.8322928352
-55.5833146655
-101.077415863
-98.3474474327
-100.414079006
-194.043152381
-79.3664547069
-160.967271914
-190.127734875
-229.596799796
-136.493332896
-75.5028387466
-160.840615329
-112.820330797
-161.382620917
-128.704988046
-124.778333477
-76.2507898104
-165.785982441
-162.158419999
-127.387118348
-20.6470378709
-126.323748384
-175.042314395
-116.601068843
-55.0015137428
-66.6142349795
-108.186380478
-71.6746938818
-35.4524738634
-50.1507832336
-73.2122035875
-22.7997635227
-52.1491710512
-88.0236276187
-88.5254595274
-49.028509341
-52.4749511964
-88.7517234211
-86.8553944341
-67.0264153818
-58.9887754371
-38.9714021718
-61.0972073007
-65.7763495011
-114.76618933
-33.4760801608
-81.0753795132
-30.3793539421
-66.4512928281
-34.322981357
-70.7553680802
-60.9169661996
-57.9594201942
-63.3847834527
-73.8515275019
-64.0102815841
-75.2595666014
-43.8232588793
-31.5080563132
-59.5183044028
-82.6580916307
-22.2871660726
-55.0632372457
-86.4181849833
-158.670668431
-50.901561021
-33.4535648847
-62.5141273798
-141.370021829
-90.0031704569
-178.420590023
-69.4446144311
-40.3414748324
-94.9488267467
-83.7779238584
-36.966781193
-106.683537622
-83.566832971
-25.5394918009
-41.8449203242
-139.131726399
-74.5774905915
-41.388349561
-48.4232311559
-106.379888136
-109.43619454
-157.605494616
-71.7499448533
-126.701347956
-63.528846359
-77.7607995675
-41.6911668284
-78.4197170122
-66.4239399202
-69.973417781
-69.6356048899
-101.679629386
-59.1495247687
-72.7919074357
-120.584797338
-31.463936149
-12.2252719698
-35.7005656194
-12.6375617897
-47.9317612459
-12.650255604
-82.430949906
-13.6225061084
-48.5915933958
-13.8935900463
-79.6818051912
-44.4355762659
-87.1962528312
-122.915644928
-155.236279329
-33.2106821886
-116.062353295
-78.4415174278
-17.7591332848
-142.486192613
-88.1930349034
-55.6044454307
-124.11374761
-78.6265845404
-154.837288633
-178.511829486
-85.3429493832
-73.5896056078
-156.748689615
-89.5267325123
-126.338388436
-72.7213395054
-52.8953503808
-95.0273775571
-52.3217484869
-96.6341670601
-133.045948627
-25.065459305
-34.1034881069
-116.604856233
-87.4862299665
-102.974864052
-94.9962790187
-70.5305525166
-118.502304356
-31.8886027868
-77.7771008241
-67.5439660611
-96.2357269298
-58.3438893978
-48.6209962102
-75.9485399282
-83.1656387794
-48.1617739083
-52.8014510233
-117.029562151
-98.4354314932
-57.4899733948
-107.96372237
-162.515993106
-138.286510562
-123.626001447
-158.399781653
-88.1872750726
-76.8343851772
-47.3373460714
-71.0262391457
-44.4849777661
-59.7006812373
-60.9419381802
-90.9467864731
-95.2673120049
-106.349270798
-60.5615974024
-38.7762866276
-99.1410768544
-116.208130691
-81.3586992075
-145.289013204
-156.000712959
-63.8748665669
-43.5074339803
-54.2769194231
-91.7734619144
-110.091354028
-75.6308753267
-130.33945226
-89.3997405452
-141.656134208
-66.3387414313
-31.799726294
-114.893911627
-50.0008216226
-119.830729541
-71.9425687136
-73.2756126399
-62.2308828938
-82.5312183464
-72.6757171778
-109.62250495
-101.628895871
-117.289728082
-65.2053353971
-46.4072247801
-92.9269978452
-106.131638303
-71.807182615
-151.286535548
-151.460837892
-65.2390094203
-102.916845156
-35.7460466324
-61.2718292567
-177.321839941
-80.9571787108
-83.1042858604
-120.46267604
-104.425810764
-145.662370573
-139.753433204
-118.868934085
-57.1798965239
-32.801318339
-26.7431387677
-114.089072604
-75.5884212686
-54.2723382118
-31.5163884076
-92.4333216509
-48.1297792437
-94.3261391003
-144.482868511
-73.683598631
-57.9209840144
-81.6507346021
-97.3475871434
-51.1086120031
-75.4107999539
-26.4101764025
-117.805678698
-134.917430188
-87.1714242479
-64.9283385166
-72.6938049943
-82.763314633
-78.7309647044
-84.8915706502
-102.23271223
-56.8550343562
-73.742206311
-56.9394971422
-139.008445132
-102.626397208
-99.7430764662
-122.238426852
-128.762039086
-48.8559182994
-55.0744039155
-52.6330525298
-96.7576285792
-105.249009548
-134.171509443
-77.1077411039
-173.028623707
-88.1846672479
-61.818934138
-79.2781068867
-25.1111459688
-104.437088896
-29.6357075368
-66.7813731746
-70.8829515567
-138.54169501
-115.688060474
-80.2134821777
-71.4912373661
-24.6312078621
-138.60831643
-71.4687606077
-57.8997290137
-68.4117037526
-65.0680336978
-104.343050261
-153.103239292
-20.6957343037
-62.5638929804
-122.730137751
-57.1106529363
-40.7346823452
-45.7927209696
-131.441122126
-54.8770235316
-68.0748170103
-49.8755499149
-149.930815957
-43.4772917817
-71.0182156241
-106.757488743
-109.392235131
-93.4497953393
-85.8551966054
-148.570328457
-54.6115138794
-52.0602193524
-105.659603319
-58.8832639532
-69.6488602702
-67.8397635153
-100.547174348
-174.125242239
-223.634476941
-59.381649239
-89.3696709616
-66.5022128047
-66.7351314784
-96.4702137948
-88.2135400128
-145.467591776
-112.301464544
-54.0048139819
-100.861115501
-90.282733192
-113.014800502
-296.695572306
-99.8561763648
-25.7800801324
-138.232868023
-222.402993637
-90.6024812878
-74.8968564603
-100.358328937
-55.6858947749
-178.834486573
-133.896311491
-196.902923829
-91.780169295
-130.24576051
-174.987478658
-54.6888805736
-63.8732907162
-166.98139316
-136.346438557
-30.5518017382
-199.553526802
-94.8313646165
-53.8343011458
-99.1346473567
-115.075532972
-62.2698877666
-59.1787294526
-58.9918056717
-152.061537232
-60.0800678321
-124.185031932
-25.9668425762
-128.253459436
-147.333385928
-150.667439829
-69.5252696057
-79.4128677955
-120.943992412
-149.969063769
-85.4030182398
-160.478859692
-72.4248329534
-26.831659658
-103.397572712
-53.0644847346
-68.8479098597
-95.3569919536
-106.842295546
-190.030732791
-146.401475395
-150.454180046
-156.189831847
-133.380875648
-106.682988921
-233.276883433
-64.0151937372
-68.4585882142
-107.121490694
-32.0119792016
-66.0757325061
-46.9831766008
-162.093186969
-38.399975861
-146.007175863
-48.7025941542
-27.9895525288
-64.3151596479
-93.0551825846
-159.840970115
-143.395522968
-35.7160224311
-31.928079868
-142.484435004
-75.6330248176
-143.895177022
-154.950518235
-174.213586145
-49.613184238
-93.4380399541
-59.5335177721
-56.1396715371
-63.0808443432
-28.4914176935
-30.1754752624
-113.758013441
-119.841825467
-140.516379994
-76.8163320685
-93.7760404606
-64.9334781029
-81.9112954683
-52.4475092752
-80.1151852331
-52.9398902476
-86.7512305363
-55.6282086482
-43.8673642641
-55.2628945818
-32.5567584783
-104.464595361
-177.99385976
-115.308680132
-30.9176963509
-108.890060755
-198.584940776
-123.659990298
-87.6186137379
-87.4372295779
-42.7631316795
-59.4696428165
-54.6879734687
-43.1218883742
-49.7794323306
-87.2632936372
-101.102685138
-66.1335061469
-41.9206112713
-127.801854538
-116.175764479
-86.2753821068
-43.2691145208
-131.834006545
-71.7983828495
-68.8912906443
-70.1857936987
-28.7400072397
-74.2168631518
-87.3579725125
-20.6239730243
-77.0469996082
-35.5615695326
-63.1322001685
-59.395334212
-26.5537104882
-52.3942395398
-84.932686247
-92.514239533
-73.9423905118
-72.6580534863
-20.7127706569
-40.4167602679
-20.6075640842
-75.3190135487
-111.134708961
-17.6126190801
-127.151957758
-189.416697474
-99.7300070188
-191.553986189
-55.2207372077
-14.9004683671
-62.9851525621
-23.6241992073
-37.5963091446
-136.748364688
-95.9320312524
-71.6336624248
-29.348706679
-80.0342569128
-89.6395758319
-30.9421347033
-14.6757509299
-21.5474170301
-19.9837681746
-20.59789283
-141.660566351
-48.7194690183
-78.6652078607
-93.2590767653
-49.7096530803
-44.8552949809
-81.7697553925
-104.059515151
-25.6723257944
-45.5444538342
-33.3499653227
-60.9162450767
-93.324167521
-34.0287985899
-35.2047079699
-92.2435368329
-110.01517877
-106.510290654
-174.807117086
-243.491737366
-95.0012892499
-91.1458988576
-86.1740030641
-108.888052548
-34.8035734223
-231.638287034
-88.312332509
-149.773319364
-63.0995082846
-57.2972143798
-89.6364475888
-129.710564951
-30.2919989356
-31.2483953722
-63.5382210871
-131.276187986
-54.0854763528
-47.9404462476
-54.0763553548
-145.997169366
-43.5895767919
-80.7720657063
-78.5025277322
-73.3339395201
-161.056370513
-118.289178902
-51.8899271738
-33.7076366476
-75.7378777657
-80.6440170292
-98.6454593434
-40.7652270125
-96.5573287781
-67.5347740526
-61.4596709704
-115.838085605
-53.8597082797
-16.6869421406
-143.149237376
-67.9163456646
-143.202190677
-145.551846814
-33.7230567617
-29.7469536166
-25.0094607884
-123.74225322
-45.8373291282
-69.2726737114
-223.555623198
-34.465086823
-25.0256560995
-19.3233437577
-20.0491327215
-63.4323846085
-104.116161903
-33.435607142
-163.947537821
-54.4322443579
-31.3404340559
-22.6832124263
-136.144658772
-117.693240423
-45.1558014051
-74.5042026629
-172.498644612
-124.936020627
-94.6277600506
-64.390907452
-89.1626726706
-21.2073621475
-14.4855104944
-94.0853401592
-33.7807884461
-41.4294755618
-22.9932191082
-76.321269827
-38.0566803344
-28.7739794831
-46.9004678147
-108.503591464
-52.4868494268
-87.1754231835
-33.0279750286
-50.8734786431
-72.6397465582
-91.0628151472
-70.7818834189
-48.0386560795
-38.3858272838
-79.1248243485
-70.431603029
-112.375008387
-72.8434849594
-62.2581964218
-150.475076623
-42.4489085209
-90.3259390944
-64.5167087893
-103.063707067
-58.5758202009
-45.0050219115
-42.9390802394
-109.451710274
-64.3652832427
-61.4727057158
-62.0228620863
-119.196561005
-76.3729945687
-74.553018228
-95.5825157968
-98.046322402
-33.3484657545
-34.2804035536
-54.2793401626
-47.9993573841
-52.6018946251
-72.6178137604
-46.0064249637
-97.5062381341
-92.2027527839
-109.772834487
-108.457780608
-41.6114394796
-234.932636881
-78.1463669406
-64.7935970069
-46.9831050939
-37.7755751229
-57.4050624939
-104.17460961
-72.1070397464
-66.8576967903
-78.6112402635
-87.0533503956
-121.005383279
-26.3954503275
-94.6180232415
-66.6101069405
-51.5887128976
-86.4620555858
-121.356596626
-70.9822316519
-71.3491304208
-72.2439864082
-95.823331821
-97.1068204806
-111.981394593
-74.6038204095
-152.774249925
-113.146819183
